2004500000247
2004500000292
2004500000487
2004500000524
2004500000568
2004500000579
2004500000580
2004500000775
2004500000937
2004500001015
2004500001141
2004500001152
2004500001233
2004500001244
2004500001417
2004500001484
2004500001565
2004500001635
2004500001680
2004500001727
2004500001738
2004500001820
2004500001923
2004500002241
2004500002551
2004500003341
2004500003352
2004500003396
2004500003433
2004500003891
2004500003949
2004500003950
2004500004094
2004500004108
2004500004175
2004500004290
2004500004359
2004500004430
2004500004670
2004500004902
2004500005046
2004500005116
2004500005149
2004500005172
2004500005194
2004500005253
2004500005286
2004500005345
2004500005356
2004500005448
2004500005714
2004500005770
2004500006009
2004500006135
2004500006191
2004500006205
2004500006216
2004500006319
2004500006353
2004500006445
2004500006489
2004500006685
2004500006869
2004500006892
2004500007051
2004500007084
2004500007279
2004500007305
2004500007349
2004500007419
2004500007464
2004500007486
2004500007512
2004500007659
2004500007660
2004500007866
2004500007899
2004500008184
2004500008254
2004500008276
2004500008302
2004500008519
2004500008531
2004500008726
2004500008807
2004500008841
2004500009077
2004500009136
2004500009310
2004500009480
2004500009505
2004500009538
2004500009745
2004500009848
2004500009882
2004500009929
2004500010226
2004500011072
2004500011245
2004500011315
2004500011337
2004500011599
2004500011924
2004500012172
2004500012356
2004500012574
2004500012633
2004500012699
2004500012806
2004500013375
2004500013788
2004500013881
2004500014132
2004500014327
2004500014420
2004500014512
2004500014567
2004500014648
2004500014741
2004500014914
2004500014992
2004500015070
2004500015092
2004500015117
2004500015151
2004500015276
2004500015313
2004500015391
2004500015450
2004500015601
2004500015634
2004500015667
2004500015760
2004500015863
2004500015874
2004500016011
2004500016044
2004500016099
2004500016239
2004500016354
2004500016398
2004500016402
2004500016505
2004500016516
2004500016697
2004500016712
2004500016815
2004500016907
2004500016985
2004500017030
2004500017111
2004500017306
2004500017362
2004500017409
2004500017443
2004500017546
2004500017661
2004500017856
2004500017867
2004500017926
2004500017960
2004500017971
2004500018015
2004500018222
2004500018266
2004500018347
2004500018428
2004500018598
2004500018646
2004500018727
2004500019034
2004500019104
2004500019182
2004500019193
2004500019230
2004500019296
2004500019333
2004500019399
2004500019540
2004500019609
2004500019643
2004500019698
2004500019724
2004500019746
2004500019757
2004500019779
2004500019872
2004500019986
2004500020009
2004500020353
2004500020593
2004500020803
2004500020962
2004500021073
2004500021316
2004500021349
2004500021523
2004500022014
2004500022221
2004500022324
2004500023033
2004500023099
2004500023402
2004500023446
2004500023457
2004500023561
2004500024029
2004500024155
2004500024579
2004500024650
2004500024797
2004500025163
2004500025602
2004500026218
2004500026481
2004500026528
2004500026654
2004500026724
2004500027385
2004500027617
2004500027721
2004500028201
2004500028566
2004500029057
2004500029105
2004500029404
2004500029769
2004500029884
2004500030262
2004500030332
2004500030387
2004500031247
2004500031270
2004500031281
2004500031362
2004500031926
2004500032439
2004500032543
2004500032750
2004500032901
2004500032990
2004500033241
2004500033469
2004500033506
2004500033595
2004500033942
2004500034237
2004500034396
2004500034617
2004500035131
2004500035463
2004500035669
2004500035876
2004500036275
2004500036482
2004500037009
2004500037696
2004500038110
2004500038408
2004500038501
2004500038545
2004500038659
2004500039173
2004500039254
2004500039276
2004500040528
2004500040610
2004500040621
2004500040643
2004500040779
2004500042119
2004500042175
2004500043220
2004500043264
2004500043459
2004500043747
2004500043781
2004500043851
2004500043909
2004500043910
2004500044397
2004500044814
2004500044892
2004500045176
2004500045224
2004500045327
2004500045442
2004500045523
2004500045626
2004500045741
2004500045936
2004500046081
2004500046597
2004500046645
2004500046955
2004500047011
2004500047066
2004500047103
2004500047114
2004500047217
2004500047826
2004500048052
2004500048199
2004500048351
2004500048650
2004500049808
2004500049912
2004500050079
2004500050264
2004500050323
2004500050334
2004500050482
2004500050817
2004500050873
2004500050965
2004500051331
2004500051401
2004500051560
2004500051696
2004500052187
2004500052257
2004500052408
2004500052718
2004500052811
2004500053612
2004500054044
2004500054365
2004500054398
2004500054435
2004500054642
2004500054712
2004500055052
2004500055203
2004500055292
2004500055328
2004500055340
2004500055498
2004500055513
2004500055591
2004500055605
2004500055720
2004500055834
2004500055845
2004500055960
2004500056048
2004500056266
2004500056288
2004500056509
2004500056521
2004500056543
2004500056831
2004500057230
2004500057735
2004500057849
2004500057883
2004500057975
2004500058031
2004500058112
2004500058282
2004500058318
2004500058422
2004500058569
2004500058639
2004500058640
2004500058879
2004500058880
2004500058891
2004500059016
2004500059119
2004500059223
2004500059245
2004500059418
2004500059522
2004500059533
2004500059692
2004500059762
2004500060313
2004500060405
2004500060553
2004500060885
2004500061103
2004500061321
2004500061376
2004500061619
2004500062041
2004500062052
2004500062133
2004500062247
2004500062269
2004500062764
2004500062878
2004500063071
2004500063989
2004500064193
2004500064436
2004500064573
2004500064953
2004500065008
2004500065293
2004500065396
2004500065499
2004500065628
2004500065857
2004500065868
2004500066407
2004500066485
2004500066762
2004500067091
2004500067150
2004500067231
2004500067367
2004500067758
2004500067828
2004500068191
2004500068489
2004500068685
2004500068711
2004500068722
2004500068825
2004500068940
2004500069040
2004500069202
2004500069637
2004500069844
2004500069844
2004500070026
2004500070093
2004500070118
2004500070152
2004500070255
2004500070370
2004500070451
2004500070462
2004500070679
2004500070923
2004500071296
2004500071403
2004500071665
2004500071849
2004500071975
2004500071986
2004500072101
2004500072330
2004500072400
2004500072905
2004500073119
2004500073267
2004500073463
2004500073614
2004500073739
2004500074437
2004500074460
2004500074541
2004500074585
2004500074600
2004500074932
2004500075021
2004500075180
2004500075250
2004500075515
2004500075777
2004500076084
2004500076224
2004500076327
2004500076338
2004500076394
2004500076578
2004500076855
2004500076969
2004500077519
2004500077645
2004500077667
2004500077999
2004500078022
2004500078295
2004500078583
2004500078675
2004500080153
2004500080164
2004500080337
2004500080348
2004500080784
2004500080810
2004500081046
2004500081231
2004500081390
2004500081611
2004500081725
2004500081910
2004500081987
2004500082951
2004500083095
2004500083198
2004500083534
2004500084128
2004500084162
2004500084209
2004500084243
2004500084313
2004500084357
2004500084461
2004500084678
2004500084689
2004500084863
2004500084944
2004500085033
2004500085549
2004500085550
2004500085608
2004500085675
2004500085941
2004500086155
2004500086340
2004500086395
2004500086476
2004500086591
2004500086890
2004500086937
2004500087093
2004500087222
2004500087761
2004500088300
2004500088562
2004500088791
2004500088861
2004500088919
2004500088953
2004500089064
2004500089134
2004500089385
2004500090017
2004500090486
2004500090615
2004500090682
2004500090925
2004500091173
2004500091184
2004500091195
2004500091210
2004500091287
2004500091346
2004500091368
2004500091520
2004500091944
2004500091966
2004500092136
2004500092192
2004500092284
2004500092295
2004500092413
2004500092561
2004500092664
2004500092848
2004500092871
2004500093188
2004500093269
2004500093351
2004500093605
2004500093661
2004500093878
2004500093971
2004500094015
2004500094200
2004500094646
2004500094657
2004500094750
2004500096282
2004500096307
2004500097544
2004500098013
2004500098219
2004500100044
2004500100365
2004500100398
2004500100480
2004500100549
2004500100675
2004500100848
2004500101029
2004500101177
2004500101203
2004500101270
2004500101476
2004500101627
2004500101753
2004500101890
2004500102093
2004500102233
2004500102303
2004500102462
2004500102510
2004500102554
2004500102635
2004500102705
2004500102875
2004500102945
2004500103089
2004500103160
2004500103218
2004500103355
2004500103377
2004500103425
2004500103447
2004500103470
2004500103481
2004500103687
2004500103735
2004500103780
2004500103894
2004500103964
2004500104031
2004500104307
2004500104592
2004500104721
2004500104835
2004500104950
2004500104983
2004500105038
2004500105083
2004500105304
2004500105315
2004500105429
2004500105485
2004500105496
2004500105681
2004500105784
2004500105876
2004500105913
2004500105946
2004500105968
2004500106013
2004500106068
2004500106105
2004500106356
2004500106378
2004500106415
2004500106426
2004500106437
2004500106552
2004500106633
2004500106699
2004500106806
2004500106884
2004500106909
2004500107043
2004500107087
2004500107319
2004500107560
2004500107836
2004500108154
2004500108350
2004500108475
2004500108545
2004500108556
2004500108604
2004500108615
2004500108693
2004500108718
2004500108855
2004500108992
2004500109209
2004500109232
2004500109298
2004500109368
2004500109461
2004500109667
2004500109678
2004500109748
2004500109760
2004500109966
2004500109988
2004500110034
2004500110115
2004500110399
2004500110447
2004500110492
2004500110610
2004500110780
2004500110942
2004500111204
2004500111248
2004500111330
2004500111385
2004500111488
2004500111525
2004500111570
2004500111651
2004500111835
2004500111905
2004500111950
2004500112027
2004500112049
2004500112153
2004500112186
2004500112452
2004500112603
2004500112843
2004500112865
2004500113091
2004500113138
2004500113149
2004500113194
2004500113219
2004500113242
2004500113460
2004500113563
2004500113585
2004500113655
2004500113747
2004500113817
2004500113828
2004500113909
2004500113910
2004500113954
2004500113965
2004500113987
2004500114146
2004500114168
2004500114179
2004500114216
2004500114249
2004500114250
2004500114294
2004500114320
2004500114386
2004500114445
2004500114711
2004500114777
2004500114847
2004500114939
2004500114951
2004500114962
2004500115039
2004500115431
2004500115442
2004500115497
2004500115604
2004500115800
2004500115888
2004500115936
2004500115947
2004500115981
2004500116025
2004500116210
2004500116379
2004500116634
2004500116645
2004500116759
2004500116885
2004500116896
2004500116900
2004500116955
2004500117251
2004500117262
2004500117343
2004500117480
2004500117516
2004500117538
2004500117549
2004500117789
2004500117815
2004500117826
2004500117848
2004500117859
2004500118122
2004500118155
2004500118270
2004500118454
2004500118502
2004500118579
2004500118753
2004500118797
2004500119026
2004500119037
2004500119071
2004500119082
2004500119255
2004500119288
2004500119462
2004500119613
2004500119761
2004500120002
2004500120035
2004500120172
2004500120183
2004500120194
2004500120220
2004500120242
2004500120301
2004500120518
2004500120596
2004500120688
2004500120781
2004500120806
2004500121032
2004500121087
2004500121113
2004500121146
2004500121250
2004500121386
2004500121674
2004500121696
2004500121755
2004500121939
2004500122006
2004500122062
2004500122475
2004500122660
2004500122969
2004500123036
2004500123058
2004500123117
2004500123128
2004500123254
2004500123438
2004500123449
2004500123450
2004500123494
2004500123508
2004500123520
2004500123531
2004500123601
2004500123656
2004500123690
2004500123704
2004500123977
2004500123988
2004500124066
2004500124077
2004500124228
2004500124273
2004500124284
2004500124295
2004500124468
2004500124583
2004500124631
2004500124778
2004500124837
2004500124996
2004500125030
2004500125546
2004500125579
2004500125878
2004500125948
2004500126026
2004500126141
2004500126200
2004500126211
2004500126288
2004500126336
2004500126358
2004500126369
2004500126509
2004500126510
2004500126598
2004500126727
2004500126738
2004500126820
2004500127322
2004500127344
2004500127447
2004500127458
2004500127540
2004500127551
2004500127654
2004500128075
2004500128112
2004500128178
2004500128318
2004500128341
2004500128743
2004500128868
2004500128916
2004500128994
2004500129094
2004500129142
2004500129256
2004500129577
2004500129603
2004500129647
2004500129717
2004500130070
2004500130298
2004500130483
2004500130564
2004500130597
2004500130645
2004500130874
2004500130885
2004500130900
2004500131033
2004500131169
2004500131206
2004500131387
2004500131398
2004500131402
2004500131480
2004500131516
2004500131549
2004500131675
2004500131686
2004500131712
2004500131963
2004500132052
2004500132111
2004500132188
2004500132373
2004500132557
2004500132753
2004500132834
2004500132856
2004500132971
2004500133093
2004500133174
2004500133370
2004500133440
2004500133484
2004500133509
2004500133680
2004500133691
2004500133738
2004500133783
2004500133819
2004500133853
2004500133897
2004500133901
2004500133923
2004500133934
2004500133945
2004500133956
2004500134160
2004500134241
2004500134252
2004500134263
2004500134469
2004500134528
2004500134539
2004500134562
2004500134643
2004500134780
2004500134849
2004500134942
2004500135282
2004500135341
2004500136212
2004500137138
2004500137345
2004500137563
2004500137714
2004500137770
2004500137840
2004500138261
2004500138308
2004500138412
2004500138526
2004500138641
2004500139338
2004500139671
2004500139785
2004500139855
2004500140037
2004500140163
2004500140196
2004500140299
2004500140325
2004500140347
2004500140428
2004500140543
2004500140668
2004500140820
2004500140934
2004500141001
2004500141274
2004500141300
2004500141414
2004500141458
2004500141469
2004500141562
2004500141702
2004500141894
2004500142075
2004500142189
2004500142248
2004500142260
2004500142307
2004500142329
2004500142536
2004500142651
2004500142709
2004500142765
2004500142787
2004500142857
2004500142950
2004500143094
2004500143175
2004500143186
2004500143223
2004500143278
2004500143304
2004500143337
2004500143625
2004500143669
2004500143670
2004500143843
2004500143887
2004500143924
2004500144493
2004500144622
2004500144954
2004500145065
2004500145076
2004500145191
2004500145250
2004500145283
2004500145593
2004500145663
2004500145674
2004500145755
2004500145766
2004500145777
2004500145825
2004500145847
2004500145973
2004500146132
2004500146143
2004500146202
2004500146291
2004500146420
2004500146512
2004500146556
2004500146578
2004500146693
2004500146752
2004500147025
2004500147162
2004500147380
2004500147391
2004500147597
2004500147690
2004500147704
2004500148099
2004500148158
2004500148251
2004500148321
2004500148424
2004500148572
2004500148697
2004500148778
2004500148837
2004500149063
2004500149155
2004500149328
2004500149339
2004500149454
2004500149580
2004500149616
2004500149672
2004500149926
2004500150119
2004500150175
2004500150186
2004500150290
2004500150360
2004500150441
2004500150500
2004500150522
2004500150670
2004500150784
2004500150832
2004500151138
2004500151219
2004500151231
2004500151253
2004500151275
2004500151312
2004500151507
2004500151644
2004500151747
2004500152113
2004500152250
2004500152537
2004500152571
2004500152685
2004500152766
2004500152814
2004500152825
2004500152869
2004500152870
2004500152892
2004500152940
2004500152951
2004500153028
2004500153040
2004500153062
2004500153109
2004500153268
2004500153291
2004500153453
2004500153590
2004500153660
2004500153741
2004500153800
2004500153855
2004500153866
2004500154117
2004500154139
2004500154287
2004500154438
2004500154449
2004500154553
2004500154896
2004500154955
2004500155136
2004500155262
2004500156340
2004500156834
2004500156904
2004500157163
2004500157484
2004500157657
2004500157680
2004500157705
2004500157749
2004500157897
2004500158148
2004500158230
2004500158263
2004500158300
2004500158584
2004500159710
2004500159927
2004500160187
2004500160213
2004500160350
2004500160693
2004500161173
2004500161391
2004500161461
2004500161829
2004500162376
2004500162527
2004500162686
2004500162767
2004500162848
2004500162893
2004500163029
2004500163247
2004500163591
2004500163605
2004500163971
2004500164107
2004500164657
2004500164691
2004500164772
2004500164912
2004500165067
2004500165414
2004500165609
2004500166123
2004500166190
2004500166455
2004500166606
2004500166651
2004500166684
2004500166857
2004500167175
2004500167267
2004500167289
2004500167795
2004500168297
2004500168356
2004500168884
2004500169353
2004500169423
2004500169526
2004500169629
2004500170052
2004500170225
2004500170454
2004500170502
2004500170557
2004500170742
2004500170764
2004500170878
2004500171015
2004500171093
2004500171118
2004500171152
2004500171347
2004500171358
2004500171417
2004500171428
2004500171532
2004500171554
2004500171587
2004500171646
2004500171749
2004500171750
2004500171772
2004500171831
2004500172034
2004500172229
2004500172263
2004500172311
2004500172377
2004500172388
2004500172414
2004500172458
2004500172481
2004500172492
2004500172573
2004500172805
2004500172827
2004500172861
2004500172997
2004500173156
2004500173237
2004500173488
2004500173525
2004500173547
2004500173558
2004500173662
2004500173684
2004500173905
2004500173961
2004500174016
2004500174050
2004500174267
2004500174337
2004500174407
2004500174452
2004500174511
2004500174522
2004500174588
2004500174599
2004500174647
2004500174821
2004500174887
2004500174898
2004500175116
2004500175219
2004500175404
2004500175862
2004500176227
2004500176272
2004500176283
2004500176559
2004500176571
2004500176836
2004500177110
2004500177316
2004500177545
2004500177707
2004500177833
2004500177947
2004500177970
2004500178232
2004500178531
2004500178977
2004500179169
2004500179608
2004500179745
2004500180064
2004500180075
2004500180743
2004500180765
2004500180813
2004500180879
2004500180880
2004500180891
2004500181061
2004500181108
2004500181223
2004500181267
2004500181430
2004500181441
2004500181809
2004500181924
2004500182231
2004500182507
2004500182699
2004500182747
2004500182851
2004500182943
2004500183308
2004500183353
2004500183364
2004500183401
2004500183560
2004500184501
2004500184534
2004500184556
2004500184660
2004500184718
2004500184947
2004500185162
2004500185449
2004500185461
2004500185494
2004500185508
2004500185704
2004500185726
2004500186239
2004500186435
2004500186491
2004500186860
2004500187661
2004500187720
2004500187959
2004500188026
2004500188060
2004500188358
2004500188370
2004500188509
2004500188532
2004500188613
2004500188820
2004500188912
2004500188923
2004500189171
2004500189274
2004500189333
2004500189768
2004500189872
2004500190043
2004500190272
2004500190630
2004500190700
2004500191187
2004500191394
2004500191501
2004500191785
2004500191855
2004500192391
2004500193114
2004500193147
2004500194063
2004500194122
2004500194144
2004500194292
2004500194306
2004500194649
2004500194937
2004500194948
2004500194982
2004500195118
2004500195152
2004500195233
2004500195473
2004500195901
2004500196377
2004500196621
2004500196791
2004500197008
2004500197503
2004500197787
2004500197846
2004500198485
2004500199091
2004500199688
2004500200069
2004500200254
2004500200520
2004500200553
2004500200999
2004500201000
2004500201480
2004500201594
2004500201642
2004500201848
2004500201860
2004500201893
2004500202247
2004500202535
2004500203749
2004500203783
2004500203808
2004500204366
2004500205341
2004500205455
2004500205673
2004500206599
2004500207035
2004500207356
2004500207736
2004500210141
2004500210358
2004500210392
2004500210565
2004500210602
2004500210794
2004500210808
2004500210967
2004500210990
2004500211089
2004500211300
2004500211388
2004500211447
2004500211562
2004500211573
2004500211609
2004500211654
2004500211757
2004500211791
2004500211920
2004500212008
2004500212190
2004500212307
2004500212330
2004500212396
2004500212466
2004500212684
2004500212709
2004500212754
2004500212857
2004500213050
2004500213245
2004500213337
2004500213360
2004500213555
2004500213566
2004500213588
2004500213603
2004500213647
2004500213706
2004500213739
2004500213740
2004500213751
2004500213935
2004500213968
2004500213980
2004500214231
2004500214356
2004500214367
2004500214404
2004500214426
2004500214530
2004500214840
2004500214954
2004500215179
2004500215490
2004500215722
2004500216143
2004500216198
2004500216682
2004500217483
2004500217542
2004500217667
2004500218158
2004500218217
2004500218402
2004500218491
2004500218893
2004500219203
2004500219650
2004500220393
2004500220809
2004500220898
2004500221138
2004500221253
2004500221286
2004500221301
2004500221622
2004500222054
2004500222124
2004500222191
2004500222238
2004500222261
2004500223512
2004500223763
2004500224368
2004500224380
2004500224405
2004500224759
2004500224829
2004500225011
2004500225217
2004500225240
2004500225295
2004500225435
2004500226166
2004500226269
2004500226328
2004500226362
2004500226535
2004500226557
2004500226605
2004500226926
2004500226959
2004500226960
2004500227200
2004500227266
2004500227510
2004500227565
2004500227576
2004500227646
2004500228104
2004500228506
2004500228573
2004500228621
2004500228849
2004500229156
2004500229260
2004500229271
2004500229318
2004500229525
2004500229695
2004500229754
2004500229802
2004500229835
2004500229938
2004500230028
2004500230154
2004500230165
2004500230523
2004500230604
2004500231014
2004500231519
2004500231748
2004500231771
2004500232044
2004500232169
2004500232206
2004500232239
2004500232424
2004500232583
2004500232594
2004500232756
2004500233317
2004500233982
2004500234336
2004500234381
2004500234440
2004500234462
2004500234565
2004500234750
2004500234864
2004500234978
2004500235366
2004500235469
2004500235584
2004500235609
2004500236156
2004500236271
2004500236330
2004500236879
2004500236950
2004500237108
2004500237256
2004500237360
2004500237625
2004500238138
2004500238194
2004500238220
2004500238585
2004500238932
2004500239054
2004500240177
2004500240672
2004500240683
2004500241026
2004500241336
2004500241705
2004500241819
2004500241842
2004500241923
2004500242090
2004500242632
2004500242676
2004500242779
2004500242827
2004500243271
2004500243581
2004500243787
2004500243949
2004500244692
2004500244706
2004500245035
2004500245507
2004500246157
2004500246559
2004500246663
2004500246917
2004500247028
2004500247051
2004500247545
2004500248520
2004500248863
2004500248944
2004500249044
2004500249077
2004500249181
2004500249756
2004500249778
2004500250101
2004500250134
2004500250167
2004500250330
2004500250352
2004500250499
2004500250710
2004500251119
2004500251142
2004500251153
2004500251175
2004500251360
2004500251681
2004500251935
2004500251980
2004500252024
2004500252574
2004500252622
2004500252910
2004500253205
2004500253238
2004500253445
2004500253478
2004500253537
2004500253560
2004500253917
2004500254062
2004500254176
2004500254615
2004500254785
2004500254888
2004500254899
2004500255070
2004500255081
2004500255162
2004500255298
2004500255335
2004500255520
2004500255818
2004500256099
2004500256125
2004500256228
2004500256240
2004500256859
2004500257247
2004500257339
2004500257605
2004500257672
2004500257683
2004500257786
2004500257797
2004500257993
2004500258222
2004500258233
2004500258288
2004500258749
2004500258864
2004500258897
2004500259045
2004500259067
2004500259115
2004500259377
2004500259506
2004500259816
2004500260168
2004500261523
2004500261615
2004500261741
2004500262380
2004500262645
2004500262760
2004500263170
2004500263996
2004500264960
2004500265026
2004500265118
2004500265196
2004500265233
2004500265266
2004500265392
2004500265635
2004500265716
2004500265820
2004500265864
2004500265875
2004500266089
2004500266816
2004500267053
2004500267503
2004500267536
2004500267983
2004500268083
2004500268647
2004500268762
2004500268773
2004500268946
2004500269183
2004500269426
2004500269552
2004500269769
2004500269987
2004500270000
2004500270077
2004500270239
2004500270387
2004500270723
2004500271269
2004500271306
2004500271328
2004500271373
2004500271410
2004500271591
2004500271616
2004500271708
2004500271878
2004500271904
2004500271915
2004500271960
2004500271993
2004500272129
2004500272185
2004500272336
2004500272428
2004500272532
2004500272613
2004500272646
2004500272657
2004500272738
2004500272750
2004500272842
2004500272956
2004500273034
2004500273115
2004500273230
2004500273241
2004500273403
2004500273447
2004500273610
2004500273665
2004500273702
2004500273768
2004500273791
2004500273861
2004500273942
2004500273975
2004500274008
2004500274086
2004500274226
2004500274237
2004500274709
2004500274868
2004500274905
2004500274983
2004500275027
2004500275120
2004500275212
2004500275360
2004500275500
2004500275566
2004500275625
2004500275898
2004500275980
2004500276035
2004500276275
2004500276389
2004500276390
2004500276471
2004500276574
2004500276655
2004500276909
2004500277124
2004500277283
2004500277308
2004500277434
2004500277548
2004500277641
2004500277906
2004500278040
2004500278051
2004500278497
2004500279003
2004500279036
2004500279209
2004500279298
2004500279737
2004500279793
2004500280207
2004500280333
2004500280388
2004500280562
2004500280632
2004500281086
2004500281112
2004500281329
2004500281330
2004500281776
2004500282500
2004500283323
2004500284250
2004500284803
2004500284870
2004500284951
2004500285187
2004500285198
2004500285280
2004500285660
2004500285833
2004500285970
2004500286069
2004500286449
2004500286519
2004500286667
2004500286852
2004500286977
2004500286988
2004500287077
2004500287147
2004500287192
2004500287217
2004500287402
2004500287413
2004500287479
2004500287491
2004500287549
2004500287561
2004500287594
2004500287815
2004500287871
2004500287941
2004500287996
2004500288177
2004500288188
2004500288214
2004500288225
2004500288719
2004500288801
2004500288915
2004500289026
2004500289152
2004500289244
2004500289299
2004500289370
2004500289406
2004500289417
2004500289554
2004500289646
2004500289680
2004500289691
2004500289820
2004500289989
2004500290002
2004500290150
2004500290275
2004500290356
2004500290437
2004500290459
2004500290622
2004500290677
2004500290758
2004500290792
2004500291113
2004500291191
2004500291375
2004500291618
2004500291788
2004500292431
2004500292718
2004500292822
2004500292844
2004500293058
2004500293117
2004500293276
2004500293324
2004500293564
2004500293793
2004500294608
2004500294664
2004500294701
2004500294756
2004500295018
2004500295258
2004500295340
2004500295362
2004500295454
2004500295719
2004500296037
2004500296266
2004500296325
2004500296451
2004500296495
2004500296554
2004500296598
2004500296772
2004500296819
2004500297104
2004500297274
2004500297285
2004500297470
2004500297595
2004500298053
2004500298178
2004500298237
2004500298259
2004500298352
2004500298363
2004500298433
2004500298466
2004500298503
2004500298525
2004500298574
2004500298617
2004500298639
2004500298754
2004500298798
2004500298868
2004500298927
2004500298950
2004500298972
2004500299083
2004500299108
2004500299119
2004500299164
2004500299267
2004500299290
2004500299337
2004500299359
2004500299485
2004500299588
2004500299751
2004500299991
2004500300121
2004500300176
2004500300408
2004500300475
2004500300545
2004500301427
2004500301531
2004500301586
2004500301601
2004500301667
2004500301911
2004500301933
2004500302804
2004500302941
2004500303100
2004500303742
2004500303797
2004500303823
2004500304842
2004500305090
2004500305285
2004500305735
2004500305919
2004500306189
2004500306444
2004500306695
2004500306961
2004500306972
2004500307393
2004500307614
2004500307979
2004500308367
2004500308541
2004500308666
2004500308688
2004500308736
2004500308884
2004500309021
2004500309755
2004500309869
2004500310797
2004500311015
2004500311392
2004500311587
2004500311613
2004500311679
2004500311897
2004500312160
2004500312780
2004500313271
2004500314810
2004500315079
2004500315105
2004500315426
2004500316412
2004500316467
2004500316973
2004500317143
2004500317187
2004500317291
2004500317420
2004500317501
2004500317811
2004500317822
2004500317844
2004500317877
2004500317992
2004500318346
2004500318896
2004500319114
2004500319376
2004500320042
2004500320293
2004500321599
2004500321854
2004500322806
2004500322965
2004500323700
2004500323881
2004500323939
2004500324707
2004500325140
2004500325391
2004500325586
2004500325689
2004500326262
2004500326321
2004500326398
2004500326712
2004500326930
2004500326996
2004500327074
2004500327166
2004500327225
2004500327409
2004500327591
2004500327638
2004500327661
2004500327786
2004500327960
2004500328130
2004500328141
2004500328635
2004500328646
2004500328668
2004500328772
2004500328967
2004500329056
2004500329104
2004500329137
2004500329311
2004500329366
2004500329399
2004500329610
2004500329665
2004500329735
2004500329746
2004500329997
2004500330582
2004500330641
2004500330799
2004500330870
2004500330917
2004500331165
2004500331545
2004500331729
2004500331763
2004500331947
2004500332070
2004500332575
2004500332634
2004500332690
2004500332748
2004500332885
2004500332911
2004500333099
2004500333136
2004500333158
2004500333228
2004500333413
2004500333468
2004500333723
2004500333789
2004500334188
2004500334270
2004500334384
2004500334409
2004500334605
2004500334797
2004500335130
2004500335314
2004500335495
2004500335668
2004500335820
2004500335923
2004500336252
2004500336791
2004500336805
2004500337112
2004500337798
2004500337949
2004500338599
2004500338636
2004500338647
2004500338810
2004500338902
2004500339242
2004500339415
2004500339714
2004500339839
2004500339943
2004500340022
2004500340147
2004500340170
2004500340468
2004500341513
2004500341867
2004500342004
2004500342082
2004500342130
2004500342369
2004500342750
2004500343078
2004500343229
2004500343344
2004500343436
2004500343780
2004500343827
2004500344123
2004500344813
2004500345201
2004500345223
2004500345887
2004500346024
2004500346253
2004500346840
2004500346932
2004500347386
2004500347788
2004500347836
2004500347917
2004500348202
2004500348796
2004500348855
2004500349117
2004500349623
2004500349885
2004500350403
2004500351167
2004500352175
2004500352212
2004500352625
2004500352979
2004500352991
2004500353089
2004500353091
2004500353183
2004500353194
2004500353415
2004500353459
2004500353714
2004500353998
2004500354386
2004500354607
2004500354711
2004500354892
2004500355372
2004500355497
2004500355590
2004500355671
2004500356014
2004500356612
2004500357147
2004500357354
2004500357468
2004500357686
2004500357974
2004500358085
2004500358524
2004500358731
2004500359037
2004500359211
2004500359738
2004500360688
2004500361098
2004500361272
2004500361308
2004500361320
2004500361386
2004500361423
2004500361434
2004500361559
2004500361571
2004500361711
2004500361836
2004500361973
2004500362028
2004500362040
2004500362062
2004500362280
2004500362305
2004500362464
2004500362534
2004500362589
2004500362604
2004500362796
2004500362811
2004500362866
2004500363254
2004500363265
2004500363276
2004500363759
2004500364022
2004500364136
2004500364240
2004500364251
2004500364343
2004500364664
2004500364686
2004500365052
2004500365339
2004500365476
2004500365524
2004500365694
2004500365753
2004500365856
2004500365904
2004500365960
2004500366037
2004500366233
2004500366370
2004500366521
2004500366554
2004500366565
2004500366646
2004500366750
2004500366761
2004500367137
2004500367148
2004500367229
2004500367540
2004500367643
2004500367665
2004500367713
2004500367894
2004500367908
2004500367997
2004500368097
2004500368145
2004500368156
2004500368190
2004500368260
2004500368307
2004500368499
2004500368503
2004500368592
2004500368606
2004500368684
2004500368776
2004500368905
2004500368916
2004500368927
2004500368949
2004500368961
2004500369061
2004500369120
2004500369142
2004500369153
2004500369201
2004500369278
2004500369474
2004500369658
2004500370003
2004500370070
2004500370243
2004500370335
2004500370450
2004500370508
2004500370553
2004500370667
2004500370704
2004500370807
2004500370900
2004500371022
2004500371170
2004500371295
2004500371310
2004500371332
2004500371620
2004500371653
2004500371701
2004500371712
2004500371778
2004500371804
2004500371893
2004500371985
2004500372018
2004500372100
2004500372166
2004500372351
2004500372362
2004500372476
2004500372524
2004500372649
2004500372731
2004500372742
2004500372753
2004500372812
2004500372960
2004500373004
2004500373037
2004500373048
2004500373093
2004500373118
2004500373200
2004500373381
2004500373473
2004500373510
2004500373543
2004500373554
2004500373602
2004500373772
2004500373831
2004500373978
2004500373990
2004500374067
2004500374322
2004500374366
2004500374506
2004500374528
2004500374539
2004500374621
2004500374735
2004500374746
2004500374757
2004500374779
2004500374894
2004500374908
2004500375042
2004500375064
2004500375097
2004500375167
2004500375189
2004500375204
2004500375215
2004500375237
2004500375248
2004500375260
2004500375282
2004500375318
2004500375477
2004500375558
2004500375569
2004500375606
2004500375662
2004500375824
2004500375857
2004500375972
2004500376201
2004500376359
2004500376393
2004500376463
2004500376669
2004500376670
2004500376795
2004500377242
2004500377507
2004500377529
2004500377851
2004500377932
2004500377976
2004500377987
2004500378124
2004500378227
2004500378308
2004500378423
2004500378490
2004500378803
2004500378847
2004500379028
2004500379084
2004500379512
2004500379567
2004500379604
2004500380107
2004500380303
2004500380347
2004500380462
2004500380510
2004500380668
2004500380679
2004500380680
2004500381300
2004500381849
2004500382215
2004500382422
2004500382673
2004500383094
2004500383245
2004500383278
2004500383452
2004500383728
2004500383810
2004500384149
2004500384231
2004500384378
2004500384666
2004500385021
2004500385205
2004500385386
2004500385434
2004500385847
2004500386040
2004500386109
2004500386257
2004500386338
2004500386383
2004500386637
2004500386752
2004500386774
2004500386866
2004500387737
2004500387900
2004500388136
2004500388365
2004500388479
2004500388538
2004500388583
2004500388675
2004500388778
2004500388815
2004500388826
2004500389498
2004500389605
2004500389649
2004500391622
2004500391688
2004500391747
2004500391806
2004500392076
2004500392294
2004500392308
2004500392607
2004500392630
2004500392973
2004500393095
2004500393187
2004500393291
2004500393475
2004500393512
2004500393604
2004500394106
2004500394117
2004500394139
2004500394324
2004500394450
2004500394944
2004500394955
2004500394966
2004500395181
2004500395262
2004500395273
2004500395365
2004500395457
2004500395505
2004500395860
2004500395996
2004500396155
2004500396340
2004500396351
2004500396409
2004500396959
2004500397819
2004500399112
2004500401280
2004500401512
2004500401774
2004500402450
2004500402667
2004500403147
2004500403169
2004500403239
2004500406045
2004500406285
2004500406931
2004500407042
2004500407064
2004500407259
2004500407411
2004500407673
2004500407732
2004500407949
2004500407983
2004500408120
2004500408278
2004500408348
2004500408603
2004500409518
2004500409828
2004500410918
2004500411362
2004500411373
2004500411409
2004500411650
2004500411719
2004500411915
2004500411959
2004500411971
2004500411982
2004500412211
2004500412266
2004500412440
2004500412495
2004500412576
2004500412761
2004500412808
2004500412819
2004500412897
2004500412912
2004500412967
2004500413241
2004500413311
2004500413366
2004500413595
2004500413687
2004500413872
2004500413883
2004500414031
2004500414042
2004500414064
2004500414178
2004500414204
2004500414215
2004500414248
2004500414341
2004500414400
2004500414695
2004500415164
2004500415223
2004500415500
2004500415670
2004500415762
2004500415784
2004500416127
2004500416275
2004500416301
2004500416312
2004500416426
2004500416437
2004500416895
2004500416932
2004500417021
2004500417135
2004500417272
2004500417375
2004500417526
2004500417559
2004500417722
2004500417881
2004500418763
2004500418800
2004500419564
2004500419911
2004500420252
2004500420296
2004500420610
2004500421020
2004500421341
2004500421503
2004500421525
2004500421639
2004500421710
2004500421754
2004500421776
2004500421835
2004500421868
2004500421905
2004500421938
2004500422050
2004500422278
2004500422500
2004500422533
2004500422603
2004500422681
2004500422717
2004500422876
2004500422979
2004500423116
2004500423150
2004500423301
2004500423334
2004500423596
2004500423714
2004500423747
2004500423769
2004500423828
2004500423839
2004500423895
2004500423932
2004500424386
2004500424582
2004500424869
2004500424951
2004500425017
2004500425062
2004500425350
2004500425394
2004500425464
2004500425660
2004500425822
2004500425844
2004500426575
2004500426689
2004500426818
2004500426852
2004500426944
2004500426977
2004500427099
2004500427354
2004500427413
2004500427468
2004500427505
2004500427608
2004500427860
2004500428166
2004500428236
2004500428568
2004500428605
2004500428764
2004500428797
2004500428867
2004500429071
2004500429299
2004500429484
2004500429945
2004500430127
2004500430138
2004500430356
2004500430378
2004500430459
2004500430552
2004500430736
2004500430792
2004500430884
2004500431065
2004500431124
2004500431582
2004500431629
2004500431928
2004500432361
2004500432419
2004500432431
2004500432707
2004500432822
2004500432833
2004500433036
2004500433058
2004500433379
2004500433494
2004500433586
2004500433634
2004500433807
2004500433885
2004500433944
2004500434011
2004500434228
2004500434446
2004500434653
2004500434826
2004500435177
2004500435306
2004500435605
2004500435823
2004500435915
2004500436118
2004500436451
2004500436543
2004500436646
2004500436761
2004500436978
2004500437241
2004500437285
2004500437322
2004500437643
2004500437687
2004500437698
2004500437735
2004500437780
2004500438178
2004500438260
2004500438307
2004500438318
2004500438558
2004500438846
2004500439175
2004500439418
2004500439522
2004500439751
2004500439810
2004500440058
2004500440380
2004500441424
2004500441435
2004500441468
2004500441480
2004500441549
2004500441561
2004500441619
2004500441712
2004500441723
2004500441815
2004500441871
2004500441907
2004500441929
2004500441941
2004500441996
2004500442085
2004500442100
2004500442166
2004500442225
2004500442236
2004500442270
2004500442409
2004500442410
2004500442487
2004500442498
2004500442524
2004500442591
2004500442649
2004500442764
2004500442775
2004500442801
2004500442878
2004500442982
2004500443026
2004500443152
2004500443174
2004500443314
2004500443406
2004500443495
2004500443509
2004500443646
2004500443657
2004500443668
2004500443680
2004500443820
2004500443842
2004500443875
2004500444056
2004500444115
2004500444126
2004500444160
2004500444366
2004500444388
2004500444403
2004500444676
2004500444687
2004500444883
2004500444894
2004500444931
2004500445042
2004500445178
2004500445237
2004500445248
2004500445271
2004500445352
2004500445363
2004500445400
2004500445477
2004500445499
2004500445503
2004500445640
2004500445732
2004500445868
2004500445950
2004500446027
2004500446083
2004500446153
2004500446175
2004500446186
2004500446463
2004500446496
2004500446500
2004500446533
2004500446614
2004500446636
2004500446717
2004500446784
2004500446876
2004500446957
2004500446979
2004500447013
2004500447149
2004500447231
2004500447275
2004500447482
2004500447541
2004500447596
2004500447633
2004500447677
2004500447714
2004500447792
2004500447817
2004500447862
2004500447910
2004500447921
2004500448272
2004500448319
2004500448342
2004500448353
2004500448467
2004500448674
2004500448733
2004500448799
2004500448836
2004500448984
2004500449017
2004500449062
2004500449095
2004500449246
2004500449305
2004500449442
2004500449486
2004500449512
2004500449567
2004500449578
2004500449637
2004500449648
2004500449707
2004500449718
2004500450130
2004500450141
2004500450255
2004500450358
2004500450392
2004500450406
2004500450451
2004500450750
2004500450831
2004500450934
2004500451126
2004500451159
2004500451311
2004500451366
2004500451377
2004500451492
2004500451573
2004500451779
2004500451780
2004500451986
2004500452189
2004500452282
2004500452329
2004500452570
2004500452695
2004500452721
2004500452732
2004500452787
2004500452813
2004500452927
2004500453119
2004500453315
2004500453326
2004500453496
2004500453968
2004500454002
2004500454172
2004500454253
2004500454404
2004500454448
2004500454459
2004500454471
2004500454596
2004500454725
2004500454747
2004500454873
2004500454943
2004500454976
2004500455054
2004500455065
2004500455102
2004500455168
2004500455375
2004500455515
2004500455607
2004500455700
2004500455722
2004500455755
2004500455777
2004500456165
2004500456419
2004500456442
2004500456497
2004500456556
2004500456682
2004500456693
2004500456752
2004500457069
2004500457081
2004500457106
2004500457243
2004500457324
2004500457368
2004500457391
2004500457427
2004500457461
2004500457483
2004500457494
2004500457634
2004500457678
2004500457852
2004500457933
2004500457977
2004500457988
2004500458055
2004500458239
2004500458251
2004500458284
2004500458413
2004500458527
2004500458561
2004500458664
2004500458712
2004500459029
2004500459166
2004500459306
2004500459410
2004500459580
2004500459627
2004500459694
2004500459720
2004500459926
2004500459937
2004500459982
2004500460278
2004500460326
2004500460337
2004500460382
2004500460522
2004500460577
2004500460614
2004500460809
2004500460843
2004500461149
2004500461219
2004500461253
2004500461459
2004500461611
2004500462010
2004500462467
2004500462984
2004500463110
2004500463741
2004500463785
2004500463855
2004500463866
2004500464003
2004500464184
2004500464265
2004500464357
2004500464391
2004500464416
2004500464438
2004500464520
2004500464542
2004500464586
2004500464689
2004500464715
2004500464911
2004500465066
2004500465239
2004500465354
2004500465664
2004500465804
2004500465860
2004500466384
2004500466502
2004500466650
2004500466672
2004500466797
2004500467037
2004500467048
2004500467059
2004500467163
2004500467211
2004500467299
2004500467406
2004500467598
2004500467613
2004500467624
2004500467657
2004500467668
2004500467875
2004500467901
2004500468078
2004500468171
2004500468403
2004500468436
2004500468528
2004500468584
2004500468621
2004500468665
2004500468676
2004500468713
2004500468805
2004500468816
2004500468827
2004500468919
2004500468920
2004500469031
2004500469097
2004500469134
2004500469204
2004500469330
2004500469396
2004500469617
2004500469709
2004500469949
2004500470006
2004500470017
2004500470121
2004500470132
2004500470486
2004500470578
2004500470648
2004500470671
2004500470693
2004500470707
2004500470718
2004500470729
2004500470730
2004500470877
2004500470936
2004500470970
2004500471357
2004500471520
2004500471597
2004500471678
2004500471841
2004500472044
2004500472136
2004500472295
2004500472424
2004500472572
2004500472664
2004500472697
2004500472701
2004500472745
2004500472859
2004500472930
2004500473100
2004500473177
2004500473546
2004500474185
2004500474565
2004500474613
2004500474912
2004500474967
2004500475012
2004500475160
2004500475218
2004500475388
2004500475665
2004500475861
2004500476156
2004500476260
2004500476400
2004500476499
2004500476673
2004500476857
2004500476891
2004500477050
2004500477072
2004500477153
2004500477164
2004500477223
2004500477980
2004500478334
2004500478345
2004500478633
2004500478703
2004500478725
2004500478965
2004500479010
2004500479445
2004500479559
2004500479799
2004500479939
2004500479962
2004500480166
2004500480557
2004500480720
2004500480812
2004500481059
2004500481336
2004500481370
2004500481381
2004500481495
2004500481679
2004500481794
2004500481912
2004500481967
2004500482034
2004500482056
2004500482182
2004500482263
2004500482285
2004500482632
2004500482665
2004500482676
2004500482702
2004500482827
2004500482931
2004500482986
2004500483248
2004500483396
2004500483422
2004500483477
2004500483684
2004500483732
2004500483813
2004500483949
2004500484234
2004500484407
2004500484511
2004500484566
2004500484636
2004500484876
2004500484980
2004500485002
2004500485024
2004500485105
2004500485208
2004500485219
2004500485367
2004500485471
2004500485622
2004500485688
2004500485792
2004500485862
2004500486087
2004500486098
2004500486102
2004500486124
2004500486249
2004500486397
2004500486490
2004500486630
2004500486744
2004500486788
2004500486995
2004500487110
2004500487198
2004500488287
2004500489088
2004500491463
2004500491588
2004500491913
2004500491957
2004500492013
2004500492057
2004500492127
2004500492220
2004500492275
2004500492471
2004500492699
2004500492769
2004500492840
2004500493032
2004500493098
2004500493179
2004500493294
2004500493490
2004500493537
2004500493700
2004500494121
2004500494316
2004500494486
2004500494556
2004500494648
2004500494822
2004500494888
2004500494969
2004500494992
2004500495140
2004500495173
2004500495966
2004500496594
2004500497188
2004500497889
2004500497890
2004500497959
2004500498004
2004500498015
2004500498082
2004500498303
2004500498381
2004500507997
2004500508190
2004500508293
2004500508341
2004500508411
2004500508455
2004500508477
2004500508569
2004500509511
2004500509670
2004500509692
2004500509854
2004500510601
2004500510645
2004500511516
2004500511745
2004500511804
2004500511918
2004500512557
2004500512580
2004500513174
2004500513554
2004500513587
2004500513761
2004500514229
2004500514654
2004500515178
2004500515248
2004500515318
2004500515710
2004500516809
2004500517161
2004500517507
2004500518032
2004500518146
2004500518157
2004500518467
2004500519372
2004500519796
2004500520093
2004500521034
2004500521045
2004500521470
2004500521805
2004500521827
2004500521872
2004500521920
2004500522042
2004500522145
2004500522570
2004500522916
2004500523016
2004500523153
2004500523175
2004500523186
2004500523197
2004500523326
2004500523371
2004500523522
2004500523681
2004500523706
2004500523762
2004500523957
2004500524079
2004500524091
2004500524150
2004500524415
2004500524426
2004500524493
2004500524699
2004500524703
2004500524851
2004500524965
2004500525010
2004500525076
2004500525087
2004500525102
2004500525504
2004500525685
2004500525700
2004500525722
2004500525788
2004500525973
2004500526198
2004500526202
2004500526291
2004500526372
2004500526394
2004500526671
2004500526800
2004500526822
2004500526833
2004500526899
2004500526925
2004500527092
2004500527117
2004500527128
2004500528011
2004500528251
2004500528583
2004500529339
2004500529535
2004500529579
2004500530533
2004500530692
2004500530935
2004500531068
2004500531334
2004500531460
2004500531714
2004500532087
2004500532157
2004500532456
2004500532652
2004500533349
2004500533350
2004500533545
2004500533992
2004500534656
2004500534748
2004500535066
2004500535893
2004500536454
2004500536742
2004500537071
2004500537923
2004500538632
2004500538791
2004500539857
2004500540143
2004500540567
2004500540811
2004500540947
2004500541689
2004500542099
2004500542538
2004500543649
2004500543834
2004500544462
2004500544901
2004500545344
2004500546260
2004500548068
2004500548183
2004500548194
2004500548264
2004500548297
2004500548574
2004500548596
2004500548703
2004500548862
2004500548932
2004500549076
2004500549102
2004500549386
2004500549515
2004500550351
2004500550649
2004500550971
2004500551750
2004500552539
2004500552850
2004500553112
2004500553282
2004500553640
2004500553710
2004500553776
2004500553938
2004500554142
2004500554175
2004500554429
2004500554876
2004500555426
2004500555596
2004500556216
2004500556445
2004500556733
2004500557534
2004500557958
2004500558092
2004500558128
2004500558483
2004500558508
2004500558911
2004500558933
2004500558999
2004500559022
2004500559734
2004500559837
2004500559941
2004500560101
2004500560318
2004500560444
2004500560569
2004500560617
2004500560813
2004500561289
2004500561739
2004500561865
2004500562046
2004500562105
2004500562415
2004500563146
2004500563319
2004500563397
2004500564132
2004500564682
2004500565117
2004500565298
2004500565449
2004500565704
2004500565911
2004500566077
2004500566468
2004500566594
2004500567823
2004500570607
2004500570696
2004500572438
2004500573088
2004500573125
2004500573664
2004500573734
2004500574306
2004500574317
2004500574661
2004500574786
2004500574812
2004500575118
2004500575392
2004500575417
2004500576230
2004500576377
2004500576403
2004500576517
2004500576827
2004500577444
2004500577558
2004500578245
2004500578588
2004500579035
2004500579091
2004500579219
2004500579747
2004500580310
2004500580387
2004500580594
2004500580642
2004500581096
2004500581812
2004500581834
2004500583229
2004500583414
2004500583458
2004500583920
2004500583931
2004500584008
2004500584101
2004500584282
2004500584488
2004500585201
2004500585887
2004500587766
2004500587814
2004500587984
2004500588121
2004500588165
2004500588338
2004500588475
2004500588671
2004500589162
2004500589195
2004500589232
2004500589335
2004500589438
2004500589450
2004500589508
2004500589634
2004500589704
2004500589944
2004500589966
2004500589977
2004500590012
2004500590045
2004500590115
2004500590126
2004500590218
2004500590344
2004500590366
2004500590470
2004500590517
2004500590698
2004500590702
2004500590735
2004500590791
2004500590894
2004500591466
2004500591525
2004500591547
2004500591581
2004500591628
2004500591710
2004500591949
2004500591972
2004500592005
2004500592094
2004500592326
2004500592337
2004500592371
2004500592577
2004500592603
2004500593666
2004500593747
2004500593781
2004500594087
2004500597974
2004500598074
2004500598188
2004500598395
2004500598591
2004500598627
2004500598650
2004500598683
2004500598937
2004500599048
2004500599059
2004500599196
2004500599255
2004500599369
2004500599495
2004500599602
2004500600108
2004500600555
2004500600614
2004500600692
2004500600740
2004500600751
2004500600898
2004500601057
2004500601150
2004500601367
2004500601378
2004500601677
2004500601895
2004500601965
2004500601976
2004500602009
2004500602397
2004500602434
2004500602467
2004500602607
2004500602674
2004500602755
2004500602951
2004500602973
2004500603028
2004500603040
2004500603213
2004500603257
2004500603305
2004500603349
2004500603350
2004500603431
2004500603512
2004500603556
2004500603615
2004500603660
2004500603763
2004500604070
2004500604128
2004500604210
2004500604243
2004500604438
2004500604494
2004500604586
2004500604645
2004500604689
2004500604874
2004500604988
2004500605000
2004500605206
2004500605354
2004500605620
2004500605804
2004500605941
2004500605996
2004500606052
2004500606155
2004500606258
2004500606270
2004500606487
2004500606513
2004500606580
2004500606649
2004500606786
2004500606812
2004500607130
2004500607222
2004500607277
2004500607303
2004500607439
2004500607509
2004500607934
2004500607967
2004500608355
2004500611232
2004500611586
2004500612963
2004500613096
2004500613203
2004500613317
2004500613524
2004500613580
2004500613638
2004500614325
2004500614819
2004500615584
2004500616662
2004500617980
2004500618231
2004500619098
2004500619238
2004500619249
2004500619434
2004500622573
2004500628689
2004500628737
2004500628782
2004500629088
2004500633777
2004500633995
2004500634006
2004500634475
2004500634936
2004500634970
2004500635162
2004500635313
2004500635324
2004500635368
2004500635689
2004500635715
2004500635771
2004500635874
2004500638174
2004500638211
2004500638336
2004500638668
2004500638934
2004500639883
2004500639931
2004500639942
2004500640180
2004500642645
2004500648094
2004500648463
2004500648670
2004500648739
2004500648762
2004500648784
2004500648913
2004500649622
2004500649976
2004500650631
2004500653193
2004500653517
2004500653528
2004500653573
2004500653632
2004500653779
2004500653861
2004500654293
2004500655175
2004500655522
2004500655809
2004500655946
2004500656297
2004500657939
2004500658017
2004500658095
2004500658671
2004500658707
2004500659184
2004500659771
2004500659988
2004500660584
2004500661536
2004500661776
2004500664157
2004500665110
2004500666047
2004500666184
2004500666623
2004500668074
2004500669026
2004500669233
2004500669945
2004500670127
2004500670426
2004500671342
2004500672556
2004500673081
2004500673298
2004500673922
2004500674158
2004500674273
2004500674723
2004500674804
2004500675166
2004500675199
2004500675384
2004500675454
2004500675557
2004500675650
2004500676233
2004500676244
2004500676358
2004500676406
2004500676439
2004500676646
2004500677975
2004500678042
2004500678293
2004500679223
2004500679669
2004500679832
2004500680047
2004500680221
2004500680542
2004500680829
2004500680977
2004500681620
2004500682281
2004500682856
2004500683174
2004500683325
2004500683439
2004500683565
2004500683691
2004500683761
2004500683819
2004500683853
2004500683934
2004500684045
2004500684090
2004500684115
2004500684263
2004500684274
2004500684296
2004500684344
2004500684388
2004500684425
2004500684872
2004500685042
2004500685112
2004500685190
2004500685318
2004500685363
2004500685444
2004500685570
2004500685581
2004500685639
2004500686016
2004500686027
2004500686049
2004500686050
2004500686061
2004500686175
2004500686418
2004500686795
2004500686843
2004500686854
2004500687080
2004500687231
2004500687459
2004500689235
2004500691403
2004500698114
2004500698217
2004500698284
2004500698398
2004500698952
2004500698996
2004500699007
2004500699362
2004500699465
2004500699878
2004500700145
2004500700226
2004500700363
2004500700673
2004500700802
2004500700905
2004500700949
2004500700994
2004500701120
2004500701382
2004500701625
2004500701681
2004500701957
2004500701968
2004500702149
2004500702286
2004500702437
2004500702493
2004500702541
2004500702563
2004500702714
2004500703238
2004500703261
2004500703869
2004500703940
2004500704006
2004500704280
2004500704660
2004500705047
2004500705128
2004500705379
2004500705830
2004500707269
2004500707616
2004500712955
2004500713000
2004500713044
2004500713239
2004500713309
2004500713549
2004500713712
2004500713723
2004500713918
2004500714030
2004500714155
2004500714476
2004500714638
2004500715015
2004500715598
2004500715820
2004500716975
2004500716997
2004500717101
2004500717248
2004500717374
2004500717514
2004500717570
2004500717628
2004500717639
2004500717961
2004500718142
2004500718670
2004500718681
2004500718957
2004500719046
2004500719208
2004500719884
2004500720114
2004500720125
2004500720686
2004500721627
2004500721688
2004500722026
2004500722369
2004500722532
2004500722668
2004500722705
2004500722820
2004500725522
2004500728051
2004500728741
2004500734700
2004500738041
2004500738177
2004500738317
2004500741881
2004500747780
2004500748363
2004500749511
2004500749681
2004500752074
2004500758423
2004500758685
2004500759154
2004500760071
2004500760266
2004500760956
2004500761849
2004500763186
2004500763474
2004500765283
2004500765548
2004500765696
2004500769317
2004500773073
2004500774494
2004500783292
2004500787337
2004500790306
2004500793352
2004500793411
2004500793824
2004500793891
2004500794212
2004500794692
2004500795035
2004500795068
2004500795987
2004500796087
2004500796386
2004500796803
2004500798140
2004500798298
2004500798346
2004500798553
2004500798896
2004500799011
2004500799136
2004500799240
2004500799354
2004500799387
2004500799594
2004500800045
2004500800975
2004500801329
2004500801709
2004500801824
2004500802005
2004500802061
2004500802348
2004500802739
2004500802898
2004500805730
2004500809060
2004500813210
2004500813302
2004500813508
2004500813999
2004500814446
2004500815063
2004500815085
2004500817182
2004500833382
2004500840647
2004500849248
2004500857614
2004500863020
2004500878004
2004500883295
2004500883594
2004500885174
2004500886023
2004500891409
2004500893344
2004500893595
2004500898006
2004500898361
2004500899092
2004500906109
2004500906707
2004500913268
2004500933536
2004500935703
2004500938335
2004500955576
2004500997954
2004500997965
2004500998032
2004500998098
2004500998180
2004500998227
2004500998272
2004500998342
2004500998593
2004500998803
2004500998858
2004500998984
2004500999095
2004500999143
2004500999257
2004500999408
2004500999464
2004500999567
2004500999785
2004043000096
2004043000546
2004043001277
2004043001864
2004043002285
2004043002528
2004043002953
2004043003101
2004043003721
2004043004315
2004043004418
2004043005068
2004043007833
2004043007925
2004043008036
2004043008069
2004043008070
2004043008427
2004043008438
2004043008874
2004043009789
2004043009826
2004043010374
2004043011027
2004043011441
2004043011979
2004043012013
2004043012220
2004043012699
2004043012954
2004043013205
2004043013478
2004043016240
2004043016435
2004043017085
2004043017546
2004043017948
2004043018495
2004043018532
2004043018576
2004043019425
2004043019883
2004043019920
2004043020881
2004043021202
2004043021268
2004043021464
2004043021899
2004043022210
2004043022438
2004043022449
2004043022922
2004043023022
2004043023642
2004043024155
2004043024627
2004043024753
2004043025495
2004043025509
2004043025668
2004043026274
2004043026447
2004043026872
2004043026953
2004043027754
2004043028865
2004043029493
2004043029884
2004043031166
2004043031328
2004043031362
2004043031373
2004043031384
2004043031465
2004043031524
2004043031672
2004043032509
2004043032749
2004043032750
2004043032783
2004043032820
2004043032875
2004043032923
2004043034042
2004043034075
2004043034606
2004043034672
2004043034798
2004043035304
2004043035348
2004043035636
2004043035647
2004043036518
2004043036644
2004043036703
2004043036884
2004043036910
2004043038202
2004043038305
2004043038604
2004043039117
2004043040377
2004043040665
2004043040757
2004043040953
2004043041031
2004043041189
2004043041488
2004043041514
2004043042429
2004043042636
2004043042681
2004043042865
2004043042887
2004043043585
2004043043688
2004043043770
2004043044445
2004043044836
2004043045431
2004043045648
2004043045682
2004043047321
2004043049082
2004043049107
2004043050378
2004043051102
2004043051629
2004043051766
2004043052291
2004043052981
2004043053003
2004043054435
2004043054561
2004043055719
2004043055812
2004043056727
2004043056794
2004043056831
2004043057355
2004043058983
2004043059016
2004043059050
2004043059326
2004043059334
2004043060047
2004043060885
2004043063381
2004043064160
2004043064366
2004043067851
2004043067943
2004043068353
2004043069109
2004043070026
2004043070048
2004043070185
2004043070244
2004043070277
2004043070406
2004043070417
2004043070598
2004043071458
2004043071595
2004043071687
2004043071698
2004043071942
2004043072651
2004043073692
2004043073980
2004043074068
2004043074415
2004043074448
2004043075696
2004043076305
2004043076545
2004043077508
2004043077553
2004043077829
2004043077863
2004043077966
2004043078158
2004043078723
2004043183312
